3
5
Руководитель
IT-специалист
HR-менеджер
Хэдхантинг
Партнерство
Нетворкинг
Организация стажировки для студентов или выпускников ВУЗов
Рекрутинговые агентства и социальные сети
1
10
0.4 0.5 0.1
800              800            700
600              800            800
700              600            800
400              500            300
300              400            200
600              700            600
200              600            800
600              400            600
700              600            700
700              800            400
500              600            500
100              400            500
300              100            500
900              600            800
800              800            800
1000

